0	1	0	1	(-415.9,274.458,681.358)	(-415.9,274.458,681.358)	-415.9	274.458	681.358	gamma	0	
0	1	0	2	(-415.9,274.458,629.809)	(-415.9,274.458,629.809)	-415.9	274.458	629.809	gamma	0.171947	
0	1	0	1	(-52.597,1.87221,600.977)	(-52.597,1.87221,600.977)	-52.597	1.87221	600.977	gamma	0	
0	1	0	3	(-415.465,273.805,619.813)	(-415.465,273.805,619.813)	-415.465	273.805	619.813	gamma	0.205394	
0	1	0	4	(-416.702,269.005,616.094)	(-416.702,269.005,616.094)	-416.702	269.005	616.094	gamma	0.226065	
0	1	0	5	(-422.404,256.919,602.702)	(-422.404,256.919,602.702)	-422.404	256.919	602.702	gamma	0.289172	
0	1	0	6	(-433.449,253.005,592.1)	(-433.449,253.005,592.1)	-433.449	253.005	592.1	gamma	0.341882	
0	1	0	1	(127.842,-534.049,747.039)	(127.842,-534.049,747.039)	127.842	-534.049	747.039	gamma	0	
0	1	0	1	(374.956,506.116,790.542)	(374.956,506.116,790.542)	374.956	506.116	790.542	gamma	0	
0	1	0	7	(-600,244.244,652.822)	(-600,244.244,652.822)	-600	244.244	652.822	gamma	0.933929	
0	1	0	2	(127.842,-534.049,713.391)	(127.842,-534.049,713.391)	127.842	-534.049	713.391	gamma	0.112239	
0	1	0	2	(-52.597,1.87221,599.083)	(-52.597,1.87221,599.083)	-52.597	1.87221	599.083	gamma	0.00631731	
0	1	0	3	(-16.1431,2.03157,553.055)	(-16.1431,2.03157,553.055)	-16.1431	2.03157	553.055	gamma	0.202171	
0	1	0	1	(-443.615,-26.1738,762.783)	(-443.615,-26.1738,762.783)	-443.615	-26.1738	762.783	gamma	0	
0	1	0	3	(156.471,-525.89,699.921)	(156.471,-525.89,699.921)	156.471	-525.89	699.921	gamma	0.221227	
0	1	0	4	(-3.88544,-0.285129,524.86)	(-3.88544,-0.285129,524.86)	-3.88544	-0.285129	524.86	gamma	0.305012	
0	1	0	2	(-443.615,-26.1738,718.908)	(-443.615,-26.1738,718.908)	-443.615	-26.1738	718.908	gamma	0.146349	
0	1	0	2	(374.956,506.116,721.348)	(374.956,506.116,721.348)	374.956	506.116	721.348	gamma	0.230803	
0	1	0	1	(207.216,67.0205,676.862)	(207.216,67.0205,676.862)	207.216	67.0205	676.862	gamma	0	
0	1	0	4	(154.057,-529.364,686.648)	(154.057,-529.364,686.648)	154.057	-529.364	686.648	gamma	0.267696	
0	1	0	1	(434.462,287.136,776.571)	(434.462,287.136,776.571)	434.462	287.136	776.571	gamma	0	
0	1	0	5	(-6.40962,5.35696,529.256)	(-6.40962,5.35696,529.256)	-6.40962	5.35696	529.256	gamma	0.330313	
0	1	0	3	(-458.994,-41.1301,714.53)	(-458.994,-41.1301,714.53)	-458.994	-41.1301	714.53	gamma	0.219382	
0	1	0	1	(215.382,-259.655,500)	(215.382,-259.655,500)	215.382	-259.655	500	gamma	0.329895	
0	1	0	3	(354.289,515.382,674.389)	(354.289,515.382,674.389)	354.289	515.382	674.389	gamma	0.404711	
0	1	0	2	(207.216,67.0205,673.271)	(207.216,67.0205,673.271)	207.216	67.0205	673.271	gamma	0.0119796	
0	1	0	1	(-138.329,-93.3831,568.798)	(-138.329,-93.3831,568.798)	-138.329	-93.3831	568.798	gamma	0.019253	
0	1	0	1	(-378.92,30.6162,550.764)	(-378.92,30.6162,550.764)	-378.92	30.6162	550.764	gamma	0.0919492	
0	1	0	6	(-9.59145,10.1352,532.467)	(-9.59145,10.1352,532.467)	-9.59145	10.1352	532.467	gamma	0.352254	
0	1	0	4	(-461.871,-82.2433,721.003)	(-461.871,-82.2433,721.003)	-461.871	-82.2433	721.003	gamma	0.358542	
0	1	0	2	(215.382,-259.655,238.756)	(215.382,-259.655,238.756)	215.382	-259.655	238.756	gamma	1.20131	
0	1	0	4	(365.151,508.768,643.651)	(365.151,508.768,643.651)	365.151	508.768	643.651	gamma	0.515669	
0	1	0	3	(218.031,74.8568,644.939)	(218.031,74.8568,644.939)	218.031	74.8568	644.939	gamma	0.116456	
0	1	0	2	(-122.09,-95.9671,555.792)	(-122.09,-95.9671,555.792)	-122.09	-95.9671	555.792	gamma	0.089185	
0	1	0	2	(-401.992,92.8556,547.875)	(-401.992,92.8556,547.875)	-401.992	92.8556	547.875	gamma	0.313573	
0	4	1	1	(154.084,-529.338,686.521)	(154.084,-529.338,686.521)	154.084	-529.338	686.521	e-	0.268269	
0	1	0	2	(434.462,287.136,774.224)	(434.462,287.136,774.224)	434.462	287.136	774.224	gamma	0.00782881	
0	1	0	7	(14.8132,-13.7326,539.276)	(14.8132,-13.7326,539.276)	14.8132	-13.7326	539.276	gamma	0.468362	
0	1	0	5	(-461.139,-75.6457,737.7)	(-461.139,-75.6457,737.7)	-461.139	-75.6457	737.7	gamma	0.418475	
0	1	0	3	(217.302,-258.752,200)	(217.302,-258.752,200)	217.302	-258.752	200	gamma	1.33078	
0	1	0	5	(401.383,490.472,544.345)	(401.383,490.472,544.345)	401.383	490.472	544.345	gamma	0.87352	
0	1	0	4	(236.064,86.2399,601.571)	(236.064,86.2399,601.571)	236.064	86.2399	601.571	gamma	0.27766	
0	1	0	6	(-515.545,-29.6458,755.683)	(-515.545,-29.6458,755.683)	-515.545	-29.6458	755.683	gamma	0.663579	
0	1	0	4	(222.255,-256.423,100)	(222.255,-256.423,100)	222.255	-256.423	100	gamma	1.66484	
0	1	0	6	(402.685,493.662,545.696)	(402.685,493.662,545.696)	402.685	493.662	545.696	gamma	0.885866	
0	1	0	5	(219.497,101.732,593.159)	(219.497,101.732,593.159)	219.497	101.732	593.159	gamma	0.358353	
0	1	0	3	(-106.441,-94.6126,561.389)	(-106.441,-94.6126,561.389)	-106.441	-94.6126	561.389	gamma	0.144805	
0	1	0	3	(-389.697,100.952,542.432)	(-389.697,100.952,542.432)	-389.697	100.952	542.432	gamma	0.365928	
0	3	1	1	(156.57,-525.851,699.931)	(156.57,-525.851,699.931)	156.57	-525.851	699.931	e-	0.221708	
0	1	0	3	(390.65,265.518,750.883)	(390.65,265.518,750.883)	390.65	265.518	750.883	gamma	0.188436	
0	1	0	7	(-514.603,-32.6291,758.07)	(-514.603,-32.6291,758.07)	-514.603	-32.6291	758.07	gamma	0.676705	
0	1	0	5	(227.207,-254.094,0)	(227.207,-254.094,0)	227.207	-254.094	0	gamma	1.99891	
0	1	0	7	(400.857,491.078,538.247)	(400.857,491.078,538.247)	400.857	491.078	538.247	gamma	0.912868	
0	1	0	6	(215.534,110.581,586.149)	(215.534,110.581,586.149)	215.534	110.581	586.149	gamma	0.398263	
0	1	0	4	(-110.683,-94.3478,562.775)	(-110.683,-94.3478,562.775)	-110.683	-94.3478	562.775	gamma	0.159717	
0	1	0	4	(-387.972,99.3583,542.556)	(-387.972,99.3583,542.556)	-387.972	99.3583	542.556	gamma	0.373771	
0	6	1	1	(-433.46,252.984,592.017)	(-433.46,252.984,592.017)	-433.46	252.984	592.017	e-	0.342284	
0	1	0	8	(-525.183,-35.3317,722.123)	(-525.183,-35.3317,722.123)	-525.183	-35.3317	722.123	gamma	0.80202	
0	1	0	6	(256.925,-240.118,-600)	(256.925,-240.118,-600)	256.925	-240.118	-600	gamma	4.00329	
0	14	1	1	(400.857,491.078,538.247)	(400.857,491.078,538.247)	400.857	491.078	538.247	e-	0.912868	
0	1	0	7	(211.084,102.095,580.384)	(211.084,102.095,580.384)	211.084	102.095	580.384	gamma	0.435564	
0	1	0	5	(-110.351,-102.272,567.895)	(-110.351,-102.272,567.895)	-110.351	-102.272	567.895	gamma	0.191206	
0	1	0	5	(-388.363,102.317,541.073)	(-388.363,102.317,541.073)	-388.363	102.317	541.073	gamma	0.384885	
0	5	1	1	(-422.387,256.893,602.692)	(-422.387,256.893,602.692)	-422.387	256.893	602.692	e-	0.289355	
0	2	1	1	(127.588,-534.121,712.733)	(127.588,-534.121,712.733)	127.588	-534.121	712.733	e-	0.114772	
0	1	0	4	(390.717,265.603,750.881)	(390.717,265.603,750.881)	390.717	265.603	750.881	gamma	0.188795	
0	1	0	8	(-36.7797,-38.7414,518.019)	(-36.7797,-38.7414,518.019)	-36.7797	-38.7414	518.019	gamma	0.672331	
0	2	1	1	(215.382,-259.655,238.756)	(215.382,-259.655,238.756)	215.382	-259.655	238.756	e-	1.20132	
0	13	1	1	(400.857,491.078,538.247)	(400.857,491.078,538.247)	400.857	491.078	538.247	e-	0.912868	
0	1	0	8	(205.173,83.4571,579.315)	(205.173,83.4571,579.315)	205.173	83.4571	579.315	gamma	0.500884	
0	1	0	6	(-88.4343,-74.3721,542.615)	(-88.4343,-74.3721,542.615)	-88.4343	-74.3721	542.615	gamma	0.336519	
0	1	0	6	(-386.4,101.769,541.183)	(-386.4,101.769,541.183)	-386.4	101.769	541.183	gamma	0.391694	
0	4	1	1	(-416.701,269.004,616.094)	(-416.701,269.004,616.094)	-416.701	269.004	616.094	e-	0.226081	
0	1	0	9	(-28.3414,-36.3877,524.346)	(-28.3414,-36.3877,524.346)	-28.3414	-36.3877	524.346	gamma	0.708375	
0	1	0	1	(21.2165,-231.498,727.46)	(21.2165,-231.498,727.46)	21.2165	-231.498	727.46	gamma	0	
0	1	0	9	(-524.089,-34.3565,725.923)	(-524.089,-34.3565,725.923)	-524.089	-34.3565	725.923	gamma	0.815604	
0	12	1	1	(400.857,491.078,538.247)	(400.857,491.078,538.247)	400.857	491.078	538.247	e-	0.912868	
0	1	0	9	(203.915,72.1905,583.586)	(203.915,72.1905,583.586)	203.915	72.1905	583.586	gamma	0.541294	
0	1	0	7	(-88.8161,-73.5288,542.113)	(-88.8161,-73.5288,542.113)	-88.8161	-73.5288	542.113	gamma	0.340032	
0	1	0	7	(-373.237,102.336,544.404)	(-373.237,102.336,544.404)	-373.237	102.336	544.404	gamma	0.436935	
0	3	1	1	(-415.37,274.018,619.344)	(-415.37,274.018,619.344)	-415.37	274.018	619.344	e-	0.207309	
0	1	0	1	(-383.667,-369.715,788.313)	(-383.667,-369.715,788.313)	-383.667	-369.715	788.313	gamma	0	
0	10	1	1	(-28.3414,-36.3877,524.346)	(-28.3414,-36.3877,524.346)	-28.3414	-36.3877	524.346	e-	0.708376	
0	1	0	2	(21.2165,-231.498,694.244)	(21.2165,-231.498,694.244)	21.2165	-231.498	694.244	gamma	0.110796	
0	1	0	1	(-44.872,-165.261,541.837)	(-44.872,-165.261,541.837)	-44.872	-165.261	541.837	gamma	0.0806433	
0	13	1	1	(-524.089,-34.3565,725.923)	(-524.089,-34.3565,725.923)	-524.089	-34.3565	725.923	e-	0.815604	
0	1	0	1	(404.156,256.054,500)	(404.156,256.054,500)	404.156	256.054	500	gamma	0.0314448	
0	11	1	1	(400.857,491.078,538.247)	(400.857,491.078,538.247)	400.857	491.078	538.247	e-	0.912868	
0	1	0	10	(175.475,36.5707,582.754)	(175.475,36.5707,582.754)	175.475	36.5707	582.754	gamma	0.69336	
0	1	0	8	(-94.9529,-74.7806,547.87)	(-94.9529,-74.7806,547.87)	-94.9529	-74.7806	547.87	gamma	0.368408	
0	1	0	8	(-377.384,105.646,542.133)	(-377.384,105.646,542.133)	-377.384	105.646	542.133	gamma	0.456185	
0	3	1	2	(-415.354,274.012,619.322)	(-415.354,274.012,619.322)	-415.354	274.012	619.322	e-	0.207475	
0	1	0	2	(-383.667,-369.715,551.555)	(-383.667,-369.715,551.555)	-383.667	-369.715	551.555	gamma	0.789742	
0	2	1	2	(127.67,-534.07,712.861)	(127.67,-534.07,712.861)	127.67	-534.07	712.861	e-	0.115448	
0	1	0	5	(372.701,252.845,739.461)	(372.701,252.845,739.461)	372.701	252.845	739.461	gamma	0.271702	
0	9	1	1	(-28.3437,-36.3833,524.356)	(-28.3437,-36.3833,524.356)	-28.3437	-36.3833	524.356	e-	0.708459	
0	1	0	3	(24.2443,-225.21,684.908)	(24.2443,-225.21,684.908)	24.2443	-225.21	684.908	gamma	0.149675	
0	1	0	2	(-21.6724,-145.199,580.342)	(-21.6724,-145.199,580.342)	-21.6724	-145.199	580.342	gamma	0.244848	
0	12	1	1	(-524.089,-34.3565,725.923)	(-524.089,-34.3565,725.923)	-524.089	-34.3565	725.923	e-	0.815604	
0	1	0	2	(404.156,256.054,446.663)	(404.156,256.054,446.663)	404.156	256.054	446.663	gamma	0.209358	
1	10	1	1	(400.857,491.078,538.247)	(400.857,491.078,538.247)	400.857	491.078	538.247	e-	0.912868	
1	1	0	11	(178.434,38.2902,594.331)	(178.434,38.2902,594.331)	178.434	38.2902	594.331	gamma	0.733628	
1	10	1	1	(-94.9529,-74.7806,547.87)	(-94.9529,-74.7806,547.87)	-94.9529	-74.7806	547.87	e-	0.368408	
1	1	0	9	(-370.282,105.157,540.745)	(-370.282,105.157,540.745)	-370.282	105.157	540.745	gamma	0.480378	
1	2	1	1	(-415.9,274.458,629.809)	(-415.9,274.458,629.809)	-415.9	274.458	629.809	e-	0.171956	
1	1	0	3	(-376.126,-393.585,556.22)	(-376.126,-393.585,556.22)	-376.126	-393.585	556.22	gamma	0.874682	
1	1	0	6	(373.829,256.683,738.897)	(373.829,256.683,738.897)	373.829	256.683	738.897	gamma	0.285177	
1	8	1	1	(-36.7813,-38.742,518.019)	(-36.7813,-38.742,518.019)	-36.7813	-38.742	518.019	e-	0.672353	
1	1	0	4	(40.2282,-215.188,659.223)	(40.2282,-215.188,659.223)	40.2282	-215.188	659.223	gamma	0.255981	
1	1	0	3	(-72.5901,-143.459,579.52)	(-72.5901,-143.459,579.52)	-72.5901	-143.459	579.52	gamma	0.414812	
1	11	1	1	(-524.089,-34.3565,725.923)	(-524.089,-34.3565,725.923)	-524.089	-34.3565	725.923	e-	0.815604	
1	1	0	3	(348.081,240.751,200)	(348.081,240.751,200)	348.081	240.751	200	gamma	1.05467	
1	1	0	1	(588.611,140.266,500)	(588.611,140.266,500)	588.611	140.266	500	gamma	0.15416	
1	9	1	1	(400.857,491.078,538.247)	(400.857,491.078,538.247)	400.857	491.078	538.247	e-	0.912868	
1	1	0	12	(189.853,46.6519,600.64)	(189.853,46.6519,600.64)	189.853	46.6519	600.64	gamma	0.785317	
1	9	1	1	(-94.9426,-74.7831,547.876)	(-94.9426,-74.7831,547.876)	-94.9426	-74.7831	547.876	e-	0.368493	
1	1	0	10	(-360.19,101.709,553.24)	(-360.19,101.709,553.24)	-360.19	101.709	553.24	gamma	0.535175	
1	1	0	4	(-377.094,-393.128,555.919)	(-377.094,-393.128,555.919)	-377.094	-393.128	555.919	gamma	0.878391	
1	1	0	7	(394.476,279.405,749.008)	(394.476,279.405,749.008)	394.476	279.405	749.008	gamma	0.393	
1	10	1	1	(-524.089,-34.3565,725.923)	(-524.089,-34.3565,725.923)	-524.089	-34.3565	725.923	e-	0.815605	
1	1	0	4	(166.215,191.122,-600)	(166.215,191.122,-600)	166.215	191.122	-600	gamma	3.79627	
1	1	0	2	(588.611,140.266,412.477)	(588.611,140.266,412.477)	588.611	140.266	412.477	gamma	0.446106	
1	8	1	1	(400.857,491.078,538.247)	(400.857,491.078,538.247)	400.857	491.078	538.247	e-	0.912868	
1	15	1	1	(189.853,46.6519,600.64)	(189.853,46.6519,600.64)	189.853	46.6519	600.64	e-	0.785317	
1	8	1	1	(-88.8159,-73.5284,542.112)	(-88.8159,-73.5284,542.112)	-88.8159	-73.5284	542.112	e-	0.340042	
1	1	0	11	(-363.443,96.6368,550.162)	(-363.443,96.6368,550.162)	-363.443	96.6368	550.162	gamma	0.557746	
1	1	0	5	(-338.81,-377.756,522.312)	(-338.81,-377.756,522.312)	-338.81	-377.756	522.312	gamma	1.05588	
2	1	0	8	(397.188,284.429,748.375)	(397.188,284.429,748.375)	397.188	284.429	748.375	gamma	0.412159	
2	7	1	1	(14.8159,-13.7334,539.277)	(14.8159,-13.7334,539.277)	14.8159	-13.7334	539.277	e-	0.468392	
2	1	0	5	(37.1511,-206.608,656.634)	(37.1511,-206.608,656.634)	37.1511	-206.608	656.634	gamma	0.287586	
2	1	0	4	(-70.4237,-167.313,556.994)	(-70.4237,-167.313,556.994)	-70.4237	-167.313	556.994	gamma	0.524492	
2	9	1	1	(-524.097,-34.3539,725.926)	(-524.097,-34.3539,725.926)	-524.097	-34.3539	725.926	e-	0.815673	
2	2	1	1	(404.195,256.065,446.644)	(404.195,256.065,446.644)	404.195	256.065	446.644	e-	0.20963	
2	1	0	3	(588.75,142.587,413.538)	(588.75,142.587,413.538)	588.75	142.587	413.538	gamma	0.454632	
2	7	1	1	(400.857,491.078,538.247)	(400.857,491.078,538.247)	400.857	491.078	538.247	e-	0.912871	
2	14	1	1	(189.853,46.6519,600.64)	(189.853,46.6519,600.64)	189.853	46.6519	600.64	e-	0.785317	
2	7	1	1	(-88.4342,-74.3721,542.615)	(-88.4342,-74.3721,542.615)	-88.4342	-74.3721	542.615	e-	0.336522	
2	1	0	12	(-363.628,96.8365,550.444)	(-363.628,96.8365,550.444)	-363.628	96.8365	550.444	gamma	0.559054	
3	1	0	6	(-339.358,-378.898,522.347)	(-339.358,-378.898,522.347)	-339.358	-378.898	522.347	gamma	1.06011	
3	1	0	1	(490.721,-337.774,668.954)	(490.721,-337.774,668.954)	490.721	-337.774	668.954	gamma	0	
3	1	0	9	(394.014,275.462,752.061)	(394.014,275.462,752.061)	394.014	275.462	752.061	gamma	0.44619	
3	6	1	1	(-9.60365,10.1507,532.472)	(-9.60365,10.1507,532.472)	-9.60365	10.1507	532.472	e-	0.352381	
3	1	0	6	(31.366,-182.919,708.856)	(31.366,-182.919,708.856)	31.366	-182.919	708.856	gamma	0.479836	
3	1	0	5	(-70.1091,-170.272,554.238)	(-70.1091,-170.272,554.238)	-70.1091	-170.272	554.238	gamma	0.538019	
3	1	0	1	(-509.215,333.533,698.775)	(-509.215,333.533,698.775)	-509.215	333.533	698.775	gamma	0	
3	8	1	1	(-525.183,-35.3319,722.122)	(-525.183,-35.3319,722.122)	-525.183	-35.3319	722.122	e-	0.802036	
3	1	0	4	(599.958,200.348,402.699)	(599.958,200.348,402.699)	599.958	200.348	402.699	gamma	0.6542	
3	6	1	1	(400.836,491.089,538.222)	(400.836,491.089,538.222)	400.836	491.089	538.222	e-	0.913057	
3	13	1	1	(189.852,46.6571,600.651)	(189.852,46.6571,600.651)	189.852	46.6571	600.651	gamma	0.785358	
3	6	1	1	(-110.352,-102.275,567.898)	(-110.352,-102.275,567.898)	-110.352	-102.275	567.898	e-	0.19125	
3	1	0	13	(-363.763,96.8397,550.463)	(-363.763,96.8397,550.463)	-363.763	96.8397	550.463	gamma	0.559508	
3	1	0	1	(-245.296,20.9221,741.87)	(-245.296,20.9221,741.87)	-245.296	20.9221	741.87	gamma	0	
3	1	0	7	(-340.757,-384.731,530.95)	(-340.757,-384.731,530.95)	-340.757	-384.731	530.95	gamma	1.09509	
3	1	0	2	(490.721,-337.774,548.846)	(490.721,-337.774,548.846)	490.721	-337.774	548.846	gamma	0.400637	
3	1	0	10	(393.797,274.231,752.852)	(393.797,274.231,752.852)	393.797	274.231	752.852	gamma	0.451122	
3	5	1	1	(-6.40961,5.35696,529.256)	(-6.40961,5.35696,529.256)	-6.40961	5.35696	529.256	e-	0.330314	
3	1	0	7	(38.0032,-181.32,717.08)	(38.0032,-181.32,717.08)	38.0032	-181.32	717.08	gamma	0.515489	
3	1	0	6	(-75.1135,-165.816,565.256)	(-75.1135,-165.816,565.256)	-75.1135	-165.816	565.256	gamma	0.581034	
3	1	0	2	(-509.215,333.533,606.193)	(-509.215,333.533,606.193)	-509.215	333.533	606.193	gamma	0.308821	
3	7	1	1	(-514.602,-32.6301,758.072)	(-514.602,-32.6301,758.072)	-514.602	-32.6301	758.072	e-	0.67673	
3	1	0	5	(594.013,193.814,407.676)	(594.013,193.814,407.676)	594.013	193.814	407.676	gamma	0.688022	
3	5	1	1	(402.693,493.68,545.712)	(402.693,493.68,545.712)	402.693	493.68	545.712	e-	0.886014	
3	17	13	1	(189.852,46.6571,600.651)	(189.852,46.6571,600.651)	189.852	46.6571	600.651	e-	0.785359	
3	5	1	1	(-110.687,-94.3451,562.774)	(-110.687,-94.3451,562.774)	-110.687	-94.3451	562.774	e-	0.159758	
3	1	0	14	(-368.973,98.2842,556.711)	(-368.973,98.2842,556.711)	-368.973	98.2842	556.711	gamma	0.587069	
3	1	0	2	(-245.296,20.9221,633.997)	(-245.296,20.9221,633.997)	-245.296	20.9221	633.997	gamma	0.359824	
3	1	0	8	(-340.329,-385.764,530.127)	(-340.329,-385.764,530.127)	-340.329	-385.764	530.127	gamma	1.09972	
3	1	0	3	(492.29,-336.724,537.797)	(492.29,-336.724,537.797)	492.29	-336.724	537.797	gamma	0.438029	
3	1	0	11	(389.315,270.217,754.059)	(389.315,270.217,754.059)	389.315	270.217	754.059	gamma	0.471593	
3	1	0	8	(22.6398,-195.794,622.269)	(22.6398,-195.794,622.269)	22.6398	-195.794	622.269	gamma	0.839485	
3	1	0	7	(-59.119,-178.985,568.803)	(-59.119,-178.985,568.803)	-59.119	-178.985	568.803	gamma	0.651149	
3	1	0	3	(-511.619,336.42,586.47)	(-511.619,336.42,586.47)	-511.619	336.42	586.47	gamma	0.375793	
3	6	1	1	(-515.549,-29.6405,755.682)	(-515.549,-29.6405,755.682)	-515.549	-29.6405	755.682	e-	0.663634	
4	1	0	6	(600,201.864,395.062)	(600,201.864,395.062)	600	201.864	395.062	gamma	0.741784	
4	4	1	1	(401.424,490.378,544.14)	(401.424,490.378,544.14)	401.424	490.378	544.14	e-	0.874437	
4	16	13	1	(189.852,46.6572,600.651)	(189.852,46.6572,600.651)	189.852	46.6572	600.651	e-	0.785362	
4	4	1	1	(-106.339,-94.6082,561.405)	(-106.339,-94.6082,561.405)	-106.339	-94.6082	561.405	e-	0.145271	
4	19	1	1	(-368.973,98.2842,556.711)	(-368.973,98.2842,556.711)	-368.973	98.2842	556.711	e-	0.587069	
4	1	0	3	(-244.995,20.8967,632.418)	(-244.995,20.8967,632.418)	-244.995	20.8967	632.418	gamma	0.365188	
4	1	0	9	(-335.606,-406.195,517.884)	(-335.606,-406.195,517.884)	-335.606	-406.195	517.884	gamma	1.18072	
4	1	0	4	(490.32,-334.833,538.581)	(490.32,-334.833,538.581)	490.32	-334.833	538.581	gamma	0.447505	
4	1	0	12	(385.555,279.675,750.083)	(385.555,279.675,750.083)	385.555	279.675	750.083	gamma	0.508044	
4	4	1	1	(-3.71484,-0.379692,524.484)	(-3.71484,-0.379692,524.484)	-3.71484	-0.379692	524.484	e-	0.306591	
4	1	0	9	(54.4859,-228.3,579.073)	(54.4859,-228.3,579.073)	54.4859	-228.3	579.073	gamma	1.04877	
4	1	0	8	(-55.8924,-180.466,571.745)	(-55.8924,-180.466,571.745)	-55.8924	-180.466	571.745	gamma	0.666527	
4	1	0	4	(-518.207,341.01,557.537)	(-518.207,341.01,557.537)	-518.207	341.01	557.537	gamma	0.475949	
4	5	1	1	(-461.137,-75.6462,737.702)	(-461.137,-75.6462,737.702)	-461.137	-75.6462	737.702	e-	0.418507	
4	1	0	1	(-56.5411,447.294,626.365)	(-56.5411,447.294,626.365)	-56.5411	447.294	626.365	gamma	0	
4	5	1	1	(594.008,193.808,407.683)	(594.008,193.808,407.683)	594.008	193.808	407.683	e-	0.688113	
4	3	1	1	(354.065,515.494,674.247)	(354.065,515.494,674.247)	354.065	515.494	674.247	e-	0.40583	
4	12	1	1	(189.855,46.6768,600.637)	(189.855,46.6768,600.637)	189.855	46.6768	600.637	e-	0.785466	
4	3	1	1	(-122.059,-95.9921,555.673)	(-122.059,-95.9921,555.673)	-122.059	-95.9921	555.673	e-	0.089735	
4	18	1	1	(-368.973,98.2842,556.711)	(-368.973,98.2842,556.711)	-368.973	98.2842	556.711	e-	0.587069	
4	1	0	4	(-236.787,-8.0808,500)	(-236.787,-8.0808,500)	-236.787	-8.0808	500	gamma	0.818167	
4	1	0	10	(-328.696,-416.115,528.065)	(-328.696,-416.115,528.065)	-328.696	-416.115	528.065	gamma	1.23344	
4	1	0	5	(496.307,-340.875,531.405)	(496.307,-340.875,531.405)	496.307	-340.875	531.405	gamma	0.484626	
4	13	1	1	(385.555,279.675,750.083)	(385.555,279.675,750.083)	385.555	279.675	750.083	e-	0.508044	
4	4	1	2	(-3.7137,-0.379627,524.487)	(-3.7137,-0.379627,524.487)	-3.7137	-0.379627	524.487	e-	0.306621	
4	1	0	1	(236.543,-146.934,743.257)	(236.543,-146.934,743.257)	236.543	-146.934	743.257	gamma	0	
4	11	1	1	(54.4859,-228.3,579.073)	(54.4859,-228.3,579.073)	54.4859	-228.3	579.073	e-	1.04878	
4	9	1	1	(-55.8924,-180.466,571.745)	(-55.8924,-180.466,571.745)	-55.8924	-180.466	571.745	e-	0.666527	
4	1	0	5	(-527.904,351.604,555.717)	(-527.904,351.604,555.717)	-527.904	351.604	555.717	gamma	0.52424	
4	4	1	1	(-461.874,-82.2913,720.989)	(-461.874,-82.2913,720.989)	-461.874	-82.2913	720.989	e-	0.358801	
4	1	0	2	(-56.5411,447.294,500)	(-56.5411,447.294,500)	-56.5411	447.294	500	gamma	0.421509	
4	4	1	1	(599.968,200.372,402.699)	(599.968,200.372,402.699)	599.968	200.372	402.699	e-	0.654333	
4	2	1	1	(375.062,506.068,721.245)	(375.062,506.068,721.245)	375.062	506.068	721.245	e-	0.231461	
4	11	1	1	(178.434,38.2901,594.331)	(178.434,38.2901,594.331)	178.434	38.2901	594.331	e-	0.733635	
4	2	1	1	(-138.587,-93.3422,568.311)	(-138.587,-93.3422,568.311)	-138.587	-93.3422	568.311	e-	0.0212655	
4	17	1	1	(-368.973,98.2842,556.711)	(-368.973,98.2842,556.711)	-368.973	98.2842	556.711	e-	0.587069	
4	1	0	5	(-233.818,-18.5645,452.093)	(-233.818,-18.5645,452.093)	-233.818	-18.5645	452.093	gamma	0.982048	
4	11	1	1	(-328.696,-416.115,528.065)	(-328.696,-416.115,528.065)	-328.696	-416.115	528.065	e-	1.23344	
4	1	0	6	(501.557,-341.08,533.901)	(501.557,-341.08,533.901)	501.557	-341.08	533.901	gamma	0.504031	
4	12	1	1	(385.555,279.675,750.083)	(385.555,279.675,750.083)	385.555	279.675	750.083	e-	0.508044	
4	3	1	1	(-16.1357,2.03375,553.057)	(-16.1357,2.03375,553.057)	-16.1357	2.03375	553.057	e-	0.202233	
4	1	0	2	(236.543,-146.934,644.925)	(236.543,-146.934,644.925)	236.543	-146.934	644.925	gamma	0.328003	
4	10	1	1	(54.4784,-228.341,579.093)	(54.4784,-228.341,579.093)	54.4784	-228.341	579.093	gamma	1.04893	
4	8	1	1	(-55.8924,-180.466,571.745)	(-55.8924,-180.466,571.745)	-55.8924	-180.466	571.745	e-	0.666527	
4	1	0	6	(-491.579,348.748,642.031)	(-491.579,348.748,642.031)	-491.579	348.748	642.031	gamma	0.836756	
4	3	1	1	(-459.013,-41.1275,714.52)	(-459.013,-41.1275,714.52)	-459.013	-41.1275	714.52	e-	0.219511	
4	1	0	3	(-56.5411,447.294,472.245)	(-56.5411,447.294,472.245)	-56.5411	447.294	472.245	gamma	0.51409	
4	4	1	2	(599.981,200.388,402.696)	(599.981,200.388,402.696)	599.981	200.388	402.696	e-	0.65445	
4	10	1	1	(175.471,36.5657,582.75)	(175.471,36.5657,582.75)	175.471	36.5657	582.75	e-	0.693421	
4	2	1	2	(-138.549,-93.3189,568.286)	(-138.549,-93.3189,568.286)	-138.549	-93.3189	568.286	e-	0.0215283	
4	16	1	1	(-368.973,98.2842,556.711)	(-368.973,98.2842,556.711)	-368.973	98.2842	556.711	e-	0.587069	
4	1	0	6	(-232.418,-34.1539,419.23)	(-232.418,-34.1539,419.23)	-232.418	-34.1539	419.23	gamma	1.10347	
4	10	1	1	(-328.696,-416.114,528.066)	(-328.696,-416.114,528.066)	-328.696	-416.114	528.066	gamma	1.23344	
4	9	1	1	(501.557,-341.08,533.901)	(501.557,-341.08,533.901)	501.557	-341.08	533.901	e-	0.504031	
4	11	1	1	(385.555,279.675,750.083)	(385.555,279.675,750.083)	385.555	279.675	750.083	e-	0.508046	
4	2	1	1	(-52.8089,1.87128,598.798)	(-52.8089,1.87128,598.798)	-52.8089	1.87128	598.798	e-	0.0076641	
4	1	0	3	(203.855,-131.312,596.628)	(203.855,-131.312,596.628)	203.855	-131.312	596.628	gamma	0.529393	
4	17	10	1	(54.4784,-228.341,579.093)	(54.4784,-228.341,579.093)	54.4784	-228.341	579.093	e-	1.04893	
4	7	1	1	(-55.887,-180.457,571.747)	(-55.887,-180.457,571.747)	-55.887	-180.457	571.747	e-	0.666604	
4	1	0	7	(-477.749,348.264,669.698)	(-477.749,348.264,669.698)	-477.749	348.264	669.698	gamma	0.939945	
4	2	1	1	(-443.44,-26.0032,718.137)	(-443.44,-26.0032,718.137)	-443.44	-26.0032	718.137	e-	0.149212	
4	1	0	4	(-60.0346,456.228,455.74)	(-60.0346,456.228,455.74)	-60.0346	456.228	455.74	gamma	0.577768	
4	4	1	3	(599.984,200.394,402.688)	(599.984,200.394,402.688)	599.984	200.394	402.688	e-	0.654514	
4	9	1	1	(203.915,72.1902,583.587)	(203.915,72.1902,583.587)	203.915	72.1902	583.587	e-	0.541305	
4	15	1	1	(-368.973,98.2842,556.711)	(-368.973,98.2842,556.711)	-368.973	98.2842	556.711	e-	0.587071	
4	1	0	7	(-242.468,-33.311,402.787)	(-242.468,-33.311,402.787)	-242.468	-33.311	402.787	gamma	1.16781	
4	13	10	1	(-328.696,-416.114,528.066)	(-328.696,-416.114,528.066)	-328.696	-416.114	528.066	e-	1.23344	
4	8	1	1	(501.557,-341.08,533.901)	(501.557,-341.08,533.901)	501.557	-341.08	533.901	e-	0.504031	
4	10	1	1	(385.552,279.681,750.085)	(385.552,279.681,750.085)	385.552	279.681	750.085	e-	0.508097	
4	1	0	4	(164.602,-242.647,525.175)	(164.602,-242.647,525.175)	164.602	-242.647	525.175	gamma	0.989686	
4	16	10	1	(54.4784,-228.341,579.093)	(54.4784,-228.341,579.093)	54.4784	-228.341	579.093	e-	1.04893	
4	6	1	1	(-75.114,-165.816,565.256)	(-75.114,-165.816,565.256)	-75.114	-165.816	565.256	e-	0.581044	
4	1	0	8	(-460.123,343.922,688.665)	(-460.123,343.922,688.665)	-460.123	343.922	688.665	gamma	1.02752	
4	2	1	2	(-443.476,-25.8188,718.158)	(-443.476,-25.8188,718.158)	-443.476	-25.8188	718.158	e-	0.149988	
4	1	0	5	(-40.7282,450.757,475.043)	(-40.7282,450.757,475.043)	-40.7282	450.757	475.043	gamma	0.670643	
4	4	1	4	(599.984,200.396,402.68)	(599.984,200.396,402.68)	599.984	200.396	402.68	e-	0.654569	
5	8	1	1	(205.173,83.4571,579.315)	(205.173,83.4571,579.315)	205.173	83.4571	579.315	e-	0.500889	
5	14	1	1	(-368.975,98.2874,556.71)	(-368.975,98.2874,556.71)	-368.975	98.2874	556.71	e-	0.587103	
5	1	0	8	(-322.539,5.6059,389.087)	(-322.539,5.6059,389.087)	-322.539	5.6059	389.087	gamma	1.46827	
5	12	10	1	(-328.696,-416.114,528.066)	(-328.696,-416.114,528.066)	-328.696	-416.114	528.066	e-	1.23344	
5	7	1	1	(501.557,-341.08,533.901)	(501.557,-341.08,533.901)	501.557	-341.08	533.901	e-	0.504031	
5	9	1	1	(389.315,270.216,754.06)	(389.315,270.216,754.06)	389.315	270.216	754.06	e-	0.471598	
5	1	0	5	(157.619,-245.48,521.017)	(157.619,-245.48,521.017)	157.619	-245.48	521.017	gamma	1.0184	
5	15	10	1	(54.4784,-228.341,579.093)	(54.4784,-228.341,579.093)	54.4784	-228.341	579.093	e-	1.04893	
5	5	1	1	(-70.1085,-170.273,554.235)	(-70.1085,-170.273,554.235)	-70.1085	-170.273	554.235	e-	0.538049	
5	1	0	9	(-462.955,365.504,685.492)	(-462.955,365.504,685.492)	-462.955	365.504	685.492	gamma	1.10089	
5	1	0	6	(-37.0296,451.738,478.24)	(-37.0296,451.738,478.24)	-37.0296	451.738	478.24	gamma	0.687277	
5	4	1	5	(599.982,200.399,402.674)	(599.982,200.399,402.674)	599.982	200.399	402.674	e-	0.654621	
5	7	1	1	(211.084,102.096,580.383)	(211.084,102.096,580.383)	211.084	102.096	580.383	e-	0.435571	
6	13	1	1	(-363.763,96.8397,550.463)	(-363.763,96.8397,550.463)	-363.763	96.8397	550.463	e-	0.559508	
6	1	0	9	(-360.855,-12.0992,340.824)	(-360.855,-12.0992,340.824)	-360.855	-12.0992	340.824	gamma	1.68214	
6	9	1	1	(-328.701,-416.121,528.06)	(-328.701,-416.121,528.06)	-328.701	-416.121	528.06	e-	1.23351	
6	6	1	1	(501.559,-341.088,533.873)	(501.559,-341.088,533.873)	501.559	-341.088	533.873	e-	0.504199	
6	8	1	1	(394.014,275.462,752.061)	(394.014,275.462,752.061)	394.014	275.462	752.061	e-	0.44619	
7	1	0	6	(145.96,-246.85,517.693)	(145.96,-246.85,517.693)	145.96	-246.85	517.693	gamma	1.05909	
7	14	10	1	(54.4784,-228.341,579.093)	(54.4784,-228.341,579.093)	54.4784	-228.341	579.093	e-	1.04893	
7	4	1	1	(-72.5927,-143.457,579.522)	(-72.5927,-143.457,579.522)	-72.5927	-143.457	579.522	e-	0.414843	
7	1	0	10	(-465.445,396.606,682.854)	(-465.445,396.606,682.854)	-465.445	396.606	682.854	gamma	1.20534	
7	1	0	7	(-1.24699,457.913,500)	(-1.24699,457.913,500)	-1.24699	457.913	500	gamma	0.828482	
7	4	1	6	(599.976,200.401,402.669)	(599.976,200.401,402.669)	599.976	200.401	402.669	e-	0.654691	
7	6	1	1	(215.528,110.638,586.134)	(215.528,110.638,586.134)	215.528	110.638	586.134	e-	0.398557	
7	12	1	1	(-363.443,96.6367,550.162)	(-363.443,96.6367,550.162)	-363.443	96.6367	550.162	e-	0.557749	
7	1	0	10	(-372.008,24.9235,341.699)	(-372.008,24.9235,341.699)	-372.008	24.9235	341.699	gamma	1.81115	
7	8	1	1	(-335.606,-406.195,517.883)	(-335.606,-406.195,517.883)	-335.606	-406.195	517.883	e-	1.18072	
7	5	1	1	(496.307,-340.876,531.403)	(496.307,-340.876,531.403)	496.307	-340.876	531.403	e-	0.484649	
7	7	1	1	(397.188,284.43,748.375)	(397.188,284.43,748.375)	397.188	284.43	748.375	e-	0.412175	
7	1	0	7	(146.477,-246.068,516.578)	(146.477,-246.068,516.578)	146.477	-246.068	516.578	gamma	1.06395	
7	13	10	1	(54.4784,-228.341,579.093)	(54.4784,-228.341,579.093)	54.4784	-228.341	579.093	e-	1.04893	
7	4	1	2	(-72.5924,-143.457,579.522)	(-72.5924,-143.457,579.522)	-72.5924	-143.457	579.522	e-	0.414849	
7	1	0	11	(-466.631,397.993,680.164)	(-466.631,397.993,680.164)	-466.631	397.993	680.164	gamma	1.21619	
8	1	0	8	(26.5835,462.715,516.924)	(26.5835,462.715,516.924)	26.5835	462.715	516.924	gamma	0.938307	
8	3	1	1	(588.749,142.587,413.543)	(588.749,142.587,413.543)	588.749	142.587	413.543	e-	0.454679	
8	5	1	1	(219.494,101.731,593.16)	(219.494,101.731,593.16)	219.494	101.731	593.16	e-	0.358381	
8	11	1	1	(-360.19,101.709,553.241)	(-360.19,101.709,553.241)	-360.19	101.709	553.241	e-	0.535179	
8	1	0	11	(-371.112,25.0212,343.18)	(-371.112,25.0212,343.18)	-371.112	25.0212	343.18	gamma	1.81693	
8	7	1	1	(-340.757,-384.731,530.951)	(-340.757,-384.731,530.951)	-340.757	-384.731	530.951	e-	1.0951	
8	4	1	1	(490.285,-334.8,538.602)	(490.285,-334.8,538.602)	490.285	-334.8	538.602	e-	0.447772	
8	6	1	1	(394.476,279.405,749.008)	(394.476,279.405,749.008)	394.476	279.405	749.008	e-	0.393	
8	1	0	8	(155.586,-251.864,531.277)	(155.586,-251.864,531.277)	155.586	-251.864	531.277	gamma	1.12478	
8	12	10	1	(54.4785,-228.341,579.093)	(54.4785,-228.341,579.093)	54.4785	-228.341	579.093	e-	1.04893	
8	10	4	1	(-72.5711,-143.445,579.514)	(-72.5711,-143.445,579.514)	-72.5711	-143.445	579.514	gamma	0.41493	
8	1	0	12	(-466.497,398.055,680.027)	(-466.497,398.055,680.027)	-466.497	398.055	680.027	gamma	1.21686	
8	1	0	9	(31.4267,463.851,517.307)	(31.4267,463.851,517.307)	31.4267	463.851	517.307	gamma	0.954949	
8	2	1	1	(588.596,140.02,411.001)	(588.596,140.02,411.001)	588.596	140.02	411.001	e-	0.451343	
8	4	1	1	(236.393,86.2425,601.161)	(236.393,86.2425,601.161)	236.393	86.2425	601.161	e-	0.279584	
8	10	1	1	(-370.282,105.157,540.745)	(-370.282,105.157,540.745)	-370.282	105.157	540.745	e-	0.480379	
8	1	0	12	(-377.68,27.2076,367.294)	(-377.68,27.2076,367.294)	-377.68	27.2076	367.294	gamma	1.90062	
8	6	1	1	(-339.358,-378.898,522.347)	(-339.358,-378.898,522.347)	-339.358	-378.898	522.347	e-	1.06011	
8	3	1	1	(492.528,-336.766,536.943)	(492.528,-336.766,536.943)	492.528	-336.766	536.943	e-	0.441151	
8	5	1	1	(372.699,252.843,739.46)	(372.699,252.843,739.46)	372.699	252.843	739.46	e-	0.27173	
8	1	0	9	(155.124,-251.776,531.288)	(155.124,-251.776,531.288)	155.124	-251.776	531.288	gamma	1.12635	
8	9	1	1	(54.485,-228.306,579.049)	(54.485,-228.306,579.049)	54.485	-228.306	579.049	e-	1.04892	
8	14	10	1	(-72.5711,-143.445,579.514)	(-72.5711,-143.445,579.514)	-72.5711	-143.445	579.514	e-	0.41493	
8	1	0	13	(-466.124,395.584,674.319)	(-466.124,395.584,674.319)	-466.124	395.584	674.319	gamma	1.23764	
8	1	0	10	(43.3366,468.205,508.036)	(43.3366,468.205,508.036)	43.3366	468.205	508.036	gamma	1.00735	
8	2	1	2	(588.853,140.313,410.599)	(588.853,140.313,410.599)	588.853	140.313	410.599	e-	0.45351	
8	4	1	2	(236.439,86.2147,601.151)	(236.439,86.2147,601.151)	236.439	86.2147	601.151	e-	0.279862	
8	9	1	1	(-377.384,105.646,542.133)	(-377.384,105.646,542.133)	-377.384	105.646	542.133	e-	0.456193	
8	1	0	13	(-377.002,22.3867,429.381)	(-377.002,22.3867,429.381)	-377.002	22.3867	429.381	gamma	2.10835	
8	5	1	1	(-338.809,-377.755,522.311)	(-338.809,-377.755,522.311)	-338.809	-377.755	522.311	e-	1.05591	
8	3	1	2	(492.425,-336.922,536.833)	(492.425,-336.922,536.833)	492.425	-336.922	536.833	e-	0.442023	
8	4	1	1	(390.727,265.613,750.883)	(390.727,265.613,750.883)	390.727	265.613	750.883	e-	0.188891	
8	13	1	1	(155.124,-251.776,531.288)	(155.124,-251.776,531.288)	155.124	-251.776	531.288	e-	1.12635	
8	8	1	1	(22.6396,-195.794,622.269)	(22.6396,-195.794,622.269)	22.6396	-195.794	622.269	e-	0.839491	
8	13	10	1	(-72.5711,-143.445,579.514)	(-72.5711,-143.445,579.514)	-72.5711	-143.445	579.514	e-	0.41493	
8	1	0	14	(-465.757,393.907,676.962)	(-465.757,393.907,676.962)	-465.757	393.907	676.962	gamma	1.24816	
8	1	0	11	(43.091,467.953,500)	(43.091,467.953,500)	43.091	467.953	500	gamma	1.03418	
8	3	1	1	(218.031,74.8568,644.939)	(218.031,74.8568,644.939)	218.031	74.8568	644.939	e-	0.116457	
8	8	1	1	(-373.236,102.336,544.405)	(-373.236,102.336,544.405)	-373.236	102.336	544.405	e-	0.436951	
8	1	0	14	(-284.683,-65.9417,489.272)	(-284.683,-65.9417,489.272)	-284.683	-65.9417	489.272	gamma	2.57904	
8	4	1	1	(-377.1,-393.127,555.92)	(-377.1,-393.127,555.92)	-377.1	-393.127	555.92	e-	0.878441	
8	2	1	1	(490.714,-337.779,548.844)	(490.714,-337.779,548.844)	490.714	-337.779	548.844	e-	0.400704	
8	3	1	1	(390.499,265.419,750.82)	(390.499,265.419,750.82)	390.499	265.419	750.82	e-	0.189219	
8	12	1	1	(155.124,-251.776,531.288)	(155.124,-251.776,531.288)	155.124	-251.776	531.288	e-	1.12635	
8	7	1	1	(38.0126,-181.317,717.097)	(38.0126,-181.317,717.097)	38.0126	-181.317	717.097	e-	0.515615	
8	12	10	1	(-72.571,-143.445,579.514)	(-72.571,-143.445,579.514)	-72.571	-143.445	579.514	e-	0.414932	
8	1	0	15	(-468.217,391.38,678.36)	(-468.217,391.38,678.36)	-468.217	391.38	678.36	gamma	1.26081	
8	1	0	12	(40.7359,465.541,422.941)	(40.7359,465.541,422.941)	40.7359	465.541	422.941	gamma	1.29146	
8	2	1	1	(207.125,66.9546,673.174)	(207.125,66.9546,673.174)	207.125	66.9546	673.174	e-	0.0126111	
8	7	1	1	(-386.4,101.769,541.183)	(-386.4,101.769,541.183)	-386.4	101.769	541.183	e-	0.391694	
8	1	0	15	(-281.8,-74.1915,428.007)	(-281.8,-74.1915,428.007)	-281.8	-74.1915	428.007	gamma	2.78547	
8	3	1	1	(-376.096,-393.634,556.233)	(-376.096,-393.634,556.233)	-376.096	-393.634	556.233	e-	0.874975	
8	2	1	1	(434.7,287.254,773.579)	(434.7,287.254,773.579)	434.7	287.254	773.579	e-	0.0103251	
8	11	1	1	(155.124,-251.776,531.288)	(155.124,-251.776,531.288)	155.124	-251.776	531.288	e-	1.12635	
8	6	1	1	(31.3635,-182.918,708.857)	(31.3635,-182.918,708.857)	31.3635	-182.918	708.857	e-	0.479864	
8	11	10	1	(-72.5711,-143.445,579.514)	(-72.5711,-143.445,579.514)	-72.5711	-143.445	579.514	e-	0.414932	
8	20	1	1	(-468.217,391.38,678.36)	(-468.217,391.38,678.36)	-468.217	391.38	678.36	e-	1.26081	
8	1	0	13	(38.1191,468.416,407.921)	(38.1191,468.416,407.921)	38.1191	468.416	407.921	gamma	1.34322	
9	6	1	1	(-388.365,102.318,541.073)	(-388.365,102.318,541.073)	-388.365	102.318	541.073	e-	0.384908	
9	1	0	16	(-285.44,-78.4005,420.946)	(-285.44,-78.4005,420.946)	-285.44	-78.4005	420.946	gamma	2.81546	
9	2	1	1	(-383.725,-369.531,550.659)	(-383.725,-369.531,550.659)	-383.725	-369.531	550.659	e-	0.792958	
9	2	1	2	(434.766,287.337,773.532)	(434.766,287.337,773.532)	434.766	287.337	773.532	e-	0.0108375	
9	10	1	1	(155.146,-251.717,531.242)	(155.146,-251.717,531.242)	155.146	-251.717	531.242	gamma	1.12661	
9	5	1	1	(37.1384,-206.577,656.595)	(37.1384,-206.577,656.595)	37.1384	-206.577	656.595	e-	0.287851	
9	3	1	1	(-21.6555,-145.192,580.354)	(-21.6555,-145.192,580.354)	-21.6555	-145.192	580.354	e-	0.244983	
9	19	1	1	(-468.217,391.38,678.36)	(-468.217,391.38,678.36)	-468.217	391.38	678.36	e-	1.26081	
9	1	0	14	(37.9489,468.464,407.78)	(37.9489,468.464,407.78)	37.9489	468.464	407.78	gamma	1.34397	
9	5	1	1	(-387.966,99.3491,542.558)	(-387.966,99.3491,542.558)	-387.966	99.3491	542.558	e-	0.373852	
9	1	0	17	(-282.112,-86.0468,417.057)	(-282.112,-86.0468,417.057)	-282.112	-86.0468	417.057	gamma	2.84615	
9	2	1	2	(-383.867,-369.803,550.705)	(-383.867,-369.803,550.705)	-383.867	-369.803	550.705	e-	0.794154	
10	15	10	1	(155.146,-251.717,531.242)	(155.146,-251.717,531.242)	155.146	-251.717	531.242	e-	1.12661	
10	4	1	1	(40.4019,-215.219,659.044)	(40.4019,-215.219,659.044)	40.4019	-215.219	659.044	e-	0.256973	
10	2	1	1	(-44.9405,-165.32,540.838)	(-44.9405,-165.32,540.838)	-44.9405	-165.32	540.838	e-	0.0841454	
10	18	1	1	(-468.217,391.38,678.36)	(-468.217,391.38,678.36)	-468.217	391.38	678.36	e-	1.26081	
10	1	0	15	(-0.936971,484.94,368.972)	(-0.936971,484.94,368.972)	-0.936971	484.94	368.972	gamma	1.53529	
11	4	1	1	(-389.694,100.962,542.428)	(-389.694,100.962,542.428)	-389.694	100.962	542.428	e-	0.366011	
11	1	0	18	(-191.984,15.6657,354.475)	(-191.984,15.6657,354.475)	-191.984	15.6657	354.475	gamma	3.34522	
11	14	10	1	(155.145,-251.717,531.242)	(155.145,-251.717,531.242)	155.145	-251.717	531.242	e-	1.12662	
11	3	1	1	(24.2342,-225.197,684.905)	(24.2342,-225.197,684.905)	24.2342	-225.197	684.905	e-	0.149786	
11	2	1	2	(-45.1983,-165.222,540.785)	(-45.1983,-165.222,540.785)	-45.1983	-165.222	540.785	e-	0.0852407	
11	17	1	1	(-468.217,391.38,678.36)	(-468.217,391.38,678.36)	-468.217	391.38	678.36	e-	1.26081	
11	1	0	16	(-32.6955,515.375,343.839)	(-32.6955,515.375,343.839)	-32.6955	515.375	343.839	gamma	1.70427	
11	3	1	1	(-402.027,92.8807,547.883)	(-402.027,92.8807,547.883)	-402.027	92.8807	547.883	e-	0.313802	
11	1	0	19	(-187.317,-75.9029,392.251)	(-187.317,-75.9029,392.251)	-187.317	-75.9029	392.251	gamma	3.67599	
12	9	1	1	(155.129,-251.767,531.3)	(155.129,-251.767,531.3)	155.129	-251.767	531.3	e-	1.12646	
12	2	1	1	(21.1288,-231.68,693.985)	(21.1288,-231.68,693.985)	21.1288	-231.68	693.985	e-	0.112055	
12	16	1	1	(-468.217,391.38,678.36)	(-468.217,391.38,678.36)	-468.217	391.38	678.36	e-	1.26081	
12	1	0	17	(-47.4993,490.551,355.239)	(-47.4993,490.551,355.239)	-47.4993	490.551	355.239	gamma	1.80791	
12	2	1	1	(-378.842,30.4053,549.933)	(-378.842,30.4053,549.933)	-378.842	30.4053	549.933	e-	0.0949829	
12	1	0	20	(-194.335,-96.5516,461.209)	(-194.335,-96.5516,461.209)	-194.335	-96.5516	461.209	gamma	3.91724	
13	8	1	1	(155.589,-251.865,531.278)	(155.589,-251.865,531.278)	155.589	-251.865	531.278	e-	1.12481	
13	15	1	1	(-468.217,391.38,678.36)	(-468.217,391.38,678.36)	-468.217	391.38	678.36	e-	1.26081	
13	1	0	18	(-65.0955,489.677,374.096)	(-65.0955,489.677,374.096)	-65.0955	489.677	374.096	gamma	1.89399	
13	2	1	2	(-378.672,30.2704,549.901)	(-378.672,30.2704,549.901)	-378.672	30.2704	549.901	e-	0.0958637	
13	1	0	21	(-177.988,-115.211,470.095)	(-177.988,-115.211,470.095)	-177.988	-115.211	470.095	gamma	4.00514	
13	7	1	1	(146.477,-246.062,516.567)	(146.477,-246.062,516.567)	146.477	-246.062	516.567	e-	1.06404	
14	14	1	1	(-468.217,391.38,678.36)	(-468.217,391.38,678.36)	-468.217	391.38	678.36	e-	1.26081	
14	1	0	19	(-64.4333,488.513,373.527)	(-64.4333,488.513,373.527)	-64.4333	488.513	373.527	gamma	1.89885	
14	1	0	22	(-170.056,-117.29,475.499)	(-170.056,-117.29,475.499)	-170.056	-117.29	475.499	gamma	4.03789	
14	6	1	1	(145.917,-246.865,517.698)	(145.917,-246.865,517.698)	145.917	-246.865	517.698	e-	1.05933	
15	13	1	1	(-468.224,391.373,678.356)	(-468.224,391.373,678.356)	-468.224	391.373	678.356	e-	1.26089	
15	1	0	20	(-52.5176,471.807,383.456)	(-52.5176,471.807,383.456)	-52.5176	471.807	383.456	gamma	1.97488	
15	1	0	23	(-134.756,-99.1427,465.763)	(-134.756,-99.1427,465.763)	-134.756	-99.1427	465.763	gamma	4.17421	
15	5	1	1	(157.619,-245.48,521.017)	(157.619,-245.48,521.017)	157.619	-245.48	521.017	e-	1.0184	
15	12	1	1	(-465.757,393.907,676.962)	(-465.757,393.907,676.962)	-465.757	393.907	676.962	e-	1.24816	
15	1	0	21	(-53.1001,467.979,373.712)	(-53.1001,467.979,373.712)	-53.1001	467.979	373.712	gamma	2.00986	
16	1	0	24	(-131.289,-100.078,466.667)	(-131.289,-100.078,466.667)	-131.289	-100.078	466.667	gamma	4.18657	
16	4	1	1	(164.61,-242.658,525.172)	(164.61,-242.658,525.172)	164.61	-242.658	525.172	e-	0.989782	
16	11	1	1	(-466.124,395.584,674.317)	(-466.124,395.584,674.317)	-466.124	395.584	674.317	e-	1.23766	
16	1	0	22	(-53.8878,479.232,374.947)	(-53.8878,479.232,374.947)	-53.8878	479.232	374.947	gamma	2.04772	
16	1	0	25	(-126.19,-100.481,461.422)	(-126.19,-100.481,461.422)	-126.19	-100.481	461.422	gamma	4.211	
16	3	1	1	(203.723,-131.108,596.448)	(203.723,-131.108,596.448)	203.723	-131.108	596.448	e-	0.53056	
16	10	1	1	(-466.497,398.055,680.028)	(-466.497,398.055,680.028)	-466.497	398.055	680.028	e-	1.21686	
16	1	0	23	(-97.596,529.928,406.289)	(-97.596,529.928,406.289)	-97.596	529.928	406.289	gamma	2.29426	
16	1	0	26	(-133.34,-103.638,453.765)	(-133.34,-103.638,453.765)	-133.34	-103.638	453.765	gamma	4.2475	
16	2	1	1	(236.726,-147.022,644.664)	(236.726,-147.022,644.664)	236.726	-147.022	644.664	e-	0.329267	
16	9	1	1	(-466.631,397.993,680.164)	(-466.631,397.993,680.164)	-466.631	397.993	680.164	e-	1.2162	
16	1	0	24	(-97.2073,530.768,407.219)	(-97.2073,530.768,407.219)	-97.2073	530.768	407.219	gamma	2.29863	
16	1	0	27	(-139.658,-107.893,471.323)	(-139.658,-107.893,471.323)	-139.658	-107.893	471.323	gamma	4.31135	
16	8	1	1	(-465.444,396.606,682.855)	(-465.444,396.606,682.855)	-465.444	396.606	682.855	e-	1.20535	
16	21	1	1	(-97.2073,530.768,407.219)	(-97.2073,530.768,407.219)	-97.2073	530.768	407.219	e-	2.29863	
16	1	0	28	(-145.801,-114.655,462.668)	(-145.801,-114.655,462.668)	-145.801	-114.655	462.668	gamma	4.35332	
16	7	1	1	(-460.115,343.914,688.674)	(-460.115,343.914,688.674)	-460.115	343.914	688.674	e-	1.02761	
16	20	1	1	(-97.1983,530.774,407.214)	(-97.1983,530.774,407.214)	-97.1983	530.774	407.214	e-	2.29873	
16	1	0	29	(-143.257,-95.5018,460.386)	(-143.257,-95.5018,460.386)	-143.257	-95.5018	460.386	gamma	4.41822	
17	6	1	1	(-477.749,348.264,669.698)	(-477.749,348.264,669.698)	-477.749	348.264	669.698	e-	0.939947	
17	19	1	1	(-97.596,529.928,406.289)	(-97.596,529.928,406.289)	-97.596	529.928	406.289	e-	2.29426	
17	29	1	1	(-143.257,-95.5018,460.386)	(-143.257,-95.5018,460.386)	-143.257	-95.5018	460.386	e-	4.41822	
17	5	1	1	(-527.999,351.689,555.659)	(-527.999,351.689,555.659)	-527.999	351.689	555.659	e-	0.524839	
17	18	1	1	(-53.8878,479.232,374.947)	(-53.8878,479.232,374.947)	-53.8878	479.232	374.947	e-	2.04772	
17	28	1	1	(-143.258,-95.5049,460.389)	(-143.258,-95.5049,460.389)	-143.258	-95.5049	460.389	e-	4.41827	
17	4	1	1	(-518.185,340.929,556.926)	(-518.185,340.929,556.926)	-518.185	340.929	556.926	e-	0.478168	
17	17	1	1	(-53.1001,467.978,373.711)	(-53.1001,467.978,373.711)	-53.1001	467.978	373.711	e-	2.00987	
17	27	1	1	(-145.801,-114.655,462.668)	(-145.801,-114.655,462.668)	-145.801	-114.655	462.668	e-	4.35333	
17	4	1	2	(-518.245,340.911,556.818)	(-518.245,340.911,556.818)	-518.245	340.911	556.818	e-	0.478715	
17	16	1	1	(-52.5173,471.807,383.457)	(-52.5173,471.807,383.457)	-52.5173	471.807	383.457	e-	1.9749	
17	26	1	1	(-139.658,-107.893,471.323)	(-139.658,-107.893,471.323)	-139.658	-107.893	471.323	e-	4.31135	
17	21	4	1	(-518.187,340.93,556.925)	(-518.187,340.93,556.925)	-518.187	340.93	556.925	gamma	0.478175	
17	15	1	1	(-64.4333,488.513,373.527)	(-64.4333,488.513,373.527)	-64.4333	488.513	373.527	e-	1.89885	
17	25	1	1	(-133.34,-103.638,453.765)	(-133.34,-103.638,453.765)	-133.34	-103.638	453.765	e-	4.24751	
17	26	21	1	(-518.187,340.93,556.925)	(-518.187,340.93,556.925)	-518.187	340.93	556.925	e-	0.478175	
17	14	1	1	(-65.0974,489.678,374.098)	(-65.0974,489.678,374.098)	-65.0974	489.678	374.098	e-	1.89403	
17	24	1	1	(-126.19,-100.481,461.422)	(-126.19,-100.481,461.422)	-126.19	-100.481	461.422	e-	4.21101	
17	25	21	1	(-518.187,340.93,556.925)	(-518.187,340.93,556.925)	-518.187	340.93	556.925	e-	0.478175	
17	13	1	1	(-47.4992,490.551,355.239)	(-47.4992,490.551,355.239)	-47.4992	490.551	355.239	e-	1.80792	
17	23	1	1	(-131.289,-100.078,466.667)	(-131.289,-100.078,466.667)	-131.289	-100.078	466.667	e-	4.18657	
17	24	21	1	(-518.187,340.93,556.925)	(-518.187,340.93,556.925)	-518.187	340.93	556.925	e-	0.478175	
17	12	1	1	(-32.6972,515.382,343.834)	(-32.6972,515.382,343.834)	-32.6972	515.382	343.834	e-	1.70435	
17	22	1	1	(-134.756,-99.1427,465.763)	(-134.756,-99.1427,465.763)	-134.756	-99.1427	465.763	e-	4.17421	
17	23	21	1	(-518.187,340.93,556.925)	(-518.187,340.93,556.925)	-518.187	340.93	556.925	e-	0.478175	
17	11	1	1	(-0.936984,484.94,368.972)	(-0.936984,484.94,368.972)	-0.936984	484.94	368.972	e-	1.53529	
17	21	1	1	(-170.056,-117.29,475.499)	(-170.056,-117.29,475.499)	-170.056	-117.29	475.499	e-	4.03789	
17	22	21	1	(-518.186,340.93,556.925)	(-518.186,340.93,556.925)	-518.186	340.93	556.925	e-	0.478178	
17	10	1	1	(38.1197,468.416,407.92)	(38.1197,468.416,407.92)	38.1197	468.416	407.92	e-	1.34323	
17	20	1	1	(-177.988,-115.211,470.095)	(-177.988,-115.211,470.095)	-177.988	-115.211	470.095	e-	4.00514	
17	3	1	1	(-511.618,336.42,586.47)	(-511.618,336.42,586.47)	-511.618	336.42	586.47	e-	0.375809	
17	9	1	1	(40.7359,465.541,422.941)	(40.7359,465.541,422.941)	40.7359	465.541	422.941	e-	1.29146	
17	19	1	1	(-194.335,-96.5516,461.209)	(-194.335,-96.5516,461.209)	-194.335	-96.5516	461.209	e-	3.91724	
17	2	1	1	(-509.208,333.524,606.189)	(-509.208,333.524,606.189)	-509.208	333.524	606.189	e-	0.308907	
17	8	1	1	(43.3385,468.205,508.036)	(43.3385,468.205,508.036)	43.3385	468.205	508.036	e-	1.00737	
17	18	1	1	(-187.317,-75.9029,392.251)	(-187.317,-75.9029,392.251)	-187.317	-75.9029	392.251	e-	3.676	
17	7	1	1	(31.4272,463.851,517.308)	(31.4272,463.851,517.308)	31.4272	463.851	517.308	e-	0.954964	
17	17	1	1	(-191.983,15.6665,354.474)	(-191.983,15.6665,354.474)	-191.983	15.6665	354.474	e-	3.34523	
17	6	1	1	(26.5834,462.715,516.925)	(26.5834,462.715,516.925)	26.5834	462.715	516.925	e-	0.938313	
17	16	1	1	(-282.112,-86.0478,417.057)	(-282.112,-86.0478,417.057)	-282.112	-86.0478	417.057	e-	2.84616	
18	5	1	1	(-37.0296,451.738,478.24)	(-37.0296,451.738,478.24)	-37.0296	451.738	478.24	e-	0.687278	
18	15	1	1	(-285.441,-78.4004,420.946)	(-285.441,-78.4004,420.946)	-285.441	-78.4004	420.946	e-	2.81546	
18	4	1	1	(-40.7282,450.756,475.043)	(-40.7282,450.756,475.043)	-40.7282	450.756	475.043	e-	0.670652	
18	14	1	1	(-281.8,-74.1915,428.007)	(-281.8,-74.1915,428.007)	-281.8	-74.1915	428.007	e-	2.78547	
18	3	1	1	(-60.3374,456.697,454.81)	(-60.3374,456.697,454.81)	-60.3374	456.697	454.81	e-	0.58168	
18	13	1	1	(-284.681,-65.943,489.275)	(-284.681,-65.943,489.275)	-284.681	-65.943	489.275	e-	2.57908	
18	3	1	2	(-60.2307,456.877,454.859)	(-60.2307,456.877,454.859)	-60.2307	456.877	454.859	e-	0.582635	
18	12	1	1	(-377.003,22.3873,429.382)	(-377.003,22.3873,429.382)	-377.003	22.3873	429.382	e-	2.10837	
18	2	1	1	(-56.4358,447.025,471.944)	(-56.4358,447.025,471.944)	-56.4358	447.025	471.944	e-	0.515764	
18	11	1	1	(-377.68,27.2076,367.294)	(-377.68,27.2076,367.294)	-377.68	27.2076	367.294	e-	1.90062	
18	10	1	1	(-371.111,25.0212,343.18)	(-371.111,25.0212,343.18)	-371.111	25.0212	343.18	e-	1.81694	
18	9	1	1	(-372.015,24.9345,341.692)	(-372.015,24.9345,341.692)	-372.015	24.9345	341.692	e-	1.81126	
19	8	1	1	(-360.881,-12.1496,340.778)	(-360.881,-12.1496,340.778)	-360.881	-12.1496	340.778	e-	1.68253	
19	7	1	1	(-322.583,5.66339,389.122)	(-322.583,5.66339,389.122)	-322.583	5.66339	389.122	e-	1.46869	
19	6	1	1	(-242.455,-33.3747,402.58)	(-242.455,-33.3747,402.58)	-242.455	-33.3747	402.58	e-	1.16877	
19	5	1	1	(-232.15,-34.4956,418.943)	(-232.15,-34.4956,418.943)	-232.15	-34.4956	418.943	e-	1.1055	
19	4	1	1	(-233.815,-18.5408,452.077)	(-233.815,-18.5408,452.077)	-233.815	-18.5408	452.077	e-	0.982239	
19	3	1	1	(-244.983,20.9134,632.411)	(-244.983,20.9134,632.411)	-244.983	20.9134	632.411	e-	0.365321	
19	2	1	1	(-245.308,20.923,633.993)	(-245.308,20.923,633.993)	-245.308	20.923	633.993	e-	0.359912	
